bug id : 0
bug file : libraries/AC_AttitudeControl/AC_PosControl.cpp
total traces:200
true labels:107
[1, 3, 6, 7, 8, 9, 10, 11, 12, 13, 14, 15, 16, 17, 18, 19, 20, 21, 25, 26, 28, 29, 30, 33, 35, 36, 37, 39, 40, 41, 42, 43, 46, 48, 49, 50, 51, 52, 53, 55, 59, 63, 65, 68, 69, 71, 75, 77, 78, 79, 82, 85, 86, 87, 95, 98, 99, 100, 103, 104, 107, 108, 113, 114, 118, 119, 121, 123, 125, 126, 127, 133, 135, 138, 140, 142, 147, 152, 154, 158, 161, 165, 166, 169, 173, 176, 177, 180, 184, 185, 188, 197, 199]
total traces:200
true labels:80
[0, 1, 2, 3, 6, 7, 8, 9, 10, 11, 12, 13, 14, 15, 16, 17, 18, 19, 20, 21, 24, 25, 26, 28, 29, 30, 33, 34, 35, 36, 37, 38, 39, 40, 41, 42, 43, 44, 45, 46, 48, 49, 50, 51, 52, 53, 55, 59, 63, 65, 66, 68, 69, 71, 72, 75, 77, 78, 79, 82, 85, 86, 87, 88, 94, 95, 97, 98, 99, 100, 103, 104, 106, 107, 108, 112, 113, 114, 118, 119, 120, 121, 122, 123, 125, 126, 127, 128, 131, 132, 133, 135, 138, 139, 140, 142, 143, 144, 147, 152, 154, 158, 161, 163, 164, 165, 166, 167, 168, 169, 173, 176, 177, 180, 182, 184, 185, 188, 197, 199]
[0, 5, 6, 7, 8, 9, 11, 13, 14, 15, 18, 19, 20, 21, 23, 25, 26, 28, 29, 30, 33, 39, 41, 42, 43, 44, 46, 47, 51, 52, 53, 54, 55, 57, 60, 62, 64, 65, 67, 69, 70, 75, 76, 77, 78, 80, 82, 83, 84, 85, 87, 88, 89, 90, 91, 92, 96, 97, 98, 101, 102, 104, 105, 106, 108, 109, 111, 112, 117, 119, 122, 123, 124, 126, 127, 130, 132, 134, 138, 139, 140, 142, 143, 145, 147, 148, 152, 153, 155, 156, 157, 159, 160, 164, 165, 166, 167, 168, 169, 170, 172, 173, 174, 175, 176, 177, 180, 181, 183, 185, 186, 188, 189, 190, 191, 193, 194, 196, 197, 199]
false1_positive : 35 / 80
false2_positive : 49 / 80
false1_negative : 62 / 120
false2_negative : 49 / 120
line no 430 rank #5 sus : 0.518376
~~~~~~~~~~~
line no 430 rank #38 sus : 0.491349
~~~~~~~~~~~
line no 430 rank #4 sus : 0.002027
~~~~~~~~~~~
line no 430 rank #69 sus : -0.000434
~~~~~~~~~~~
[430, 120]
[[200, 1213], [200, 1138], [200, 1135], [200, 1066], [200, 1054], [200, 1052], [200, 1034], [200, 1007], [200, 984], [200, 982], [200, 950], [200, 801], [200, 762], [200, 726], [200, 707], [200, 618], [200, 596], [200, 592], [200, 575], [200, 570], [200, 558], [200, 556], [200, 555], [200, 550], [200, 489], [200, 469], [200, 427], [200, 411], [200, 263], [199, 252], [195, 638], [194, 1210], [186, 648], [120, 432], [120, 430], [44, 1193], [34, 1015], [29, 1144], [13, 512], [1, 517], [0, 1244], [0, 1240], [0, 1233], [0, 1204], [0, 1183], [0, 1164], [0, 1130], [0, 1125], [0, 1032], [0, 1004], [0, 977], [0, 967], [0, 965], [0, 960], [0, 900], [0, 728], [0, 716], [0, 612], [0, 562], [0, 540], [0, 534], [0, 530], [0, 434], [0, 419], [0, 413], [0, 366], [0, 347], [0, 328], [0, 325], [0, 306], [0, 288], [0, 283], [0, 282]]
-----------------------------------------
bug id : 1
bug file : libraries/AC_AttitudeControl/AC_PosControl.cpp
total traces:200
true labels:108
[0, 2, 3, 4, 5, 10, 11, 12, 13, 14, 17, 18, 20, 22, 23, 25, 29, 30, 34, 35, 36, 37, 39, 41, 42, 46, 47, 48, 50, 55, 56, 58, 60, 61, 62, 64, 65, 67, 70, 71, 77, 82, 84, 85, 87, 89, 90, 92, 96, 97, 98, 99, 103, 106, 108, 111, 113, 114, 115, 119, 120, 121, 124, 126, 128, 129, 133, 143, 147, 150, 158, 161, 162, 164, 165, 167, 170, 171, 173, 177, 178, 182, 183, 185, 191, 192, 193, 194, 195, 196, 197, 198]
total traces:200
true labels:86
[0, 2, 3, 4, 5, 8, 10, 11, 12, 13, 14, 16, 17, 18, 19, 20, 22, 23, 25, 27, 29, 30, 32, 34, 35, 36, 37, 39, 41, 42, 46, 47, 48, 49, 50, 52, 55, 56, 58, 60, 61, 62, 64, 65, 67, 70, 71, 76, 77, 82, 84, 85, 87, 88, 89, 90, 92, 96, 97, 98, 99, 103, 106, 108, 110, 111, 113, 114, 115, 118, 119, 120, 121, 124, 125, 126, 128, 129, 133, 135, 139, 140, 143, 147, 148, 150, 158, 160, 161, 162, 164, 165, 167, 168, 170, 171, 172, 173, 177, 178, 179, 182, 183, 184, 185, 188, 191, 192, 193, 194, 195, 196, 197, 198]
[14, 17, 18, 22, 23, 28, 39, 47, 50, 57, 63, 64, 66, 69, 71, 83, 97, 102, 109, 110, 111, 119, 127, 130, 133, 134, 135, 139, 149, 150, 151, 158, 173, 178, 181, 182, 186, 188, 190, 196, 197, 198, 199]
false1_positive : 70 / 157
false2_positive : 88 / 157
false1_negative : 21 / 43
false2_negative : 17 / 43
line no 1144 rank #2 sus : 0.551532
~~~~~~~~~~~
line no 1144 rank #3 sus : 0.535697
~~~~~~~~~~~
line no 1144 rank #3 sus : 0.002939
~~~~~~~~~~~
line no 1144 rank #5 sus : 0.001342
~~~~~~~~~~~
[1144, 43]
[[200, 1213], [200, 1138], [200, 1066], [200, 1054], [200, 1052], [200, 1034], [200, 1007], [200, 984], [200, 982], [200, 950], [200, 801], [200, 762], [200, 726], [200, 707], [200, 618], [200, 596], [200, 592], [200, 575], [200, 570], [200, 558], [200, 556], [200, 555], [200, 550], [200, 489], [200, 469], [200, 427], [200, 411], [200, 263], [199, 1135], [197, 252], [192, 1210], [186, 638], [181, 648], [122, 432], [122, 430], [46, 1193], [43, 1144], [32, 1015], [18, 512], [4, 1183], [3, 517], [0, 1244], [0, 1240], [0, 1233], [0, 1204], [0, 1164], [0, 1130], [0, 1125], [0, 1032], [0, 1004], [0, 977], [0, 967], [0, 965], [0, 960], [0, 900], [0, 728], [0, 716], [0, 612], [0, 562], [0, 540], [0, 534], [0, 530], [0, 434], [0, 419], [0, 413], [0, 366], [0, 347], [0, 328], [0, 325], [0, 306], [0, 288], [0, 283], [0, 282]]
-----------------------------------------
bug id : 2
bug file : libraries/AC_AttitudeControl/AC_PosControl.cpp
total traces:200
true labels:109
[0, 1, 3, 4, 8, 10, 12, 13, 15, 16, 18, 21, 22, 23, 24, 26, 27, 28, 31, 32, 34, 36, 37, 39, 42, 43, 44, 45, 46, 47, 51, 53, 54, 55, 56, 59, 60, 62, 65, 66, 67, 70, 72, 73, 76, 77, 80, 81, 82, 85, 86, 87, 89, 96, 97, 101, 103, 105, 108, 110, 111, 112, 123, 125, 126, 127, 128, 129, 134, 137, 140, 145, 155, 160, 163, 164, 165, 166, 168, 170, 174, 180, 182, 183, 184, 185, 192, 193, 194, 196, 199]
total traces:200
true labels:83
[0, 1, 3, 4, 5, 8, 10, 11, 12, 13, 15, 16, 18, 21, 22, 23, 24, 26, 27, 28, 31, 32, 33, 34, 36, 37, 38, 39, 41, 42, 43, 44, 45, 46, 47, 50, 51, 53, 54, 55, 56, 57, 59, 60, 62, 63, 64, 65, 66, 67, 68, 70, 71, 72, 73, 75, 76, 77, 80, 81, 82, 84, 85, 86, 87, 89, 90, 94, 96, 97, 101, 103, 105, 108, 110, 111, 112, 113, 114, 115, 118, 120, 123, 125, 126, 127, 128, 129, 134, 136, 137, 138, 139, 140, 145, 154, 155, 156, 160, 162, 163, 164, 165, 166, 168, 170, 174, 180, 182, 183, 184, 185, 192, 193, 194, 196, 199]
[1, 3, 4, 6, 10, 12, 13, 14, 18, 19, 20, 21, 22, 23, 25, 30, 31, 33, 35, 37, 40, 45, 46, 48, 49, 53, 54, 56, 58, 61, 63, 66, 67, 68, 69, 71, 73, 74, 76, 83, 86, 87, 88, 89, 91, 94, 96, 98, 99, 100, 102, 103, 106, 107, 108, 109, 110, 111, 115, 116, 117, 121, 122, 124, 127, 129, 130, 131, 132, 133, 136, 137, 139, 140, 141, 142, 143, 146, 149, 152, 153, 154, 156, 157, 158, 159, 160, 161, 163, 165, 167, 168, 169, 170, 171, 173, 174, 178, 179, 181, 184, 185, 186, 187, 188, 189, 191, 192, 193, 196, 197, 198, 199]
false1_positive : 46 / 87
false2_positive : 62 / 87
false1_negative : 68 / 113
false2_negative : 58 / 113
line no 432 rank #38 sus : 0.442171
line no 434 rank #62 sus : 0.000000
~~~~~~~~~~~
line no 432 rank #39 sus : 0.402167
line no 434 rank #62 sus : 0.000000
~~~~~~~~~~~
line no 434 rank #52 sus : -0.000000
line no 432 rank #71 sus : -0.016881
~~~~~~~~~~~
line no 434 rank #53 sus : -0.000000
line no 432 rank #71 sus : -0.051670
~~~~~~~~~~~
[432, 113]
[434, 0]
[[200, 1213], [200, 1138], [200, 1135], [200, 1066], [200, 1054], [200, 1052], [200, 1034], [200, 1007], [200, 984], [200, 982], [200, 950], [200, 801], [200, 762], [200, 726], [200, 707], [200, 618], [200, 596], [200, 592], [200, 575], [200, 570], [200, 558], [200, 556], [200, 555], [200, 550], [200, 489], [200, 469], [200, 427], [200, 411], [200, 263], [200, 252], [191, 1210], [188, 638], [181, 648], [113, 432], [113, 430], [48, 1144], [42, 1193], [35, 1015], [17, 512], [4, 517], [3, 1183], [1, 530], [0, 1244], [0, 1240], [0, 1233], [0, 1204], [0, 1164], [0, 1130], [0, 1125], [0, 1032], [0, 1004], [0, 977], [0, 967], [0, 965], [0, 960], [0, 900], [0, 728], [0, 716], [0, 612], [0, 562], [0, 540], [0, 534], [0, 434], [0, 419], [0, 413], [0, 366], [0, 347], [0, 328], [0, 325], [0, 306], [0, 288], [0, 283], [0, 282]]
-----------------------------------------
bug id : 3
bug file : libraries/AC_AttitudeControl/AC_PosControl.cpp
total traces:200
true labels:111
[1, 2, 3, 4, 6, 7, 10, 13, 14, 18, 19, 20, 24, 25, 26, 32, 33, 37, 39, 40, 41, 43, 44, 45, 50, 52, 53, 54, 56, 60, 61, 62, 64, 65, 66, 70, 72, 77, 80, 86, 87, 90, 92, 95, 103, 106, 108, 110, 111, 112, 114, 117, 119, 120, 122, 123, 127, 129, 130, 132, 133, 138, 139, 142, 143, 144, 146, 149, 153, 155, 156, 158, 160, 165, 168, 169, 170, 175, 178, 179, 180, 188, 189, 190, 191, 192, 193, 197, 199]
total traces:200
true labels:89
[0, 1, 2, 3, 4, 6, 7, 9, 10, 12, 13, 14, 18, 19, 20, 24, 25, 26, 32, 33, 34, 37, 39, 40, 41, 43, 44, 45, 46, 47, 50, 52, 53, 54, 55, 56, 60, 61, 62, 64, 65, 66, 68, 70, 72, 74, 77, 79, 80, 86, 87, 90, 91, 92, 95, 96, 101, 103, 105, 106, 108, 109, 110, 111, 112, 114, 116, 117, 119, 120, 122, 123, 126, 127, 129, 130, 131, 132, 133, 134, 138, 139, 142, 143, 144, 146, 149, 151, 153, 155, 156, 157, 158, 160, 165, 168, 169, 170, 175, 178, 179, 180, 181, 188, 189, 190, 191, 192, 193, 197, 199]
[2, 50, 62, 65, 72, 85, 96, 101, 114, 138, 148, 155, 158, 165, 172, 184, 185]
false1_positive : 79 / 183
false2_positive : 99 / 183
false1_negative : 7 / 17
false2_negative : 5 / 17
line no 512 rank #0 sus : 0.640508
~~~~~~~~~~~
line no 512 rank #1 sus : 0.658041
~~~~~~~~~~~
line no 512 rank #2 sus : 0.007717
~~~~~~~~~~~
line no 512 rank #3 sus : 0.008563
~~~~~~~~~~~
[512, 17]
[[200, 1213], [200, 1138], [200, 1066], [200, 1054], [200, 1052], [200, 1034], [200, 1007], [200, 984], [200, 982], [200, 950], [200, 801], [200, 762], [200, 726], [200, 707], [200, 618], [200, 596], [200, 592], [200, 575], [200, 570], [200, 558], [200, 556], [200, 555], [200, 550], [200, 489], [200, 469], [200, 427], [200, 411], [200, 263], [199, 1135], [198, 252], [194, 638], [191, 1210], [183, 648], [118, 432], [118, 430], [46, 1144], [42, 1193], [36, 1015], [17, 512], [2, 1183], [1, 517], [0, 1244], [0, 1240], [0, 1233], [0, 1204], [0, 1164], [0, 1130], [0, 1125], [0, 1032], [0, 1004], [0, 977], [0, 967], [0, 965], [0, 960], [0, 900], [0, 728], [0, 716], [0, 612], [0, 562], [0, 540], [0, 534], [0, 530], [0, 434], [0, 419], [0, 413], [0, 366], [0, 347], [0, 328], [0, 325], [0, 306], [0, 288], [0, 283], [0, 282]]
-----------------------------------------
bug id : 4
bug file : libraries/AC_AttitudeControl/AC_PosControl.cpp
total traces:200
true labels:108
[1, 6, 9, 13, 14, 16, 19, 21, 24, 25, 28, 31, 33, 35, 36, 42, 43, 44, 46, 48, 51, 54, 55, 56, 58, 59, 61, 64, 66, 67, 70, 71, 75, 81, 82, 84, 89, 92, 94, 96, 98, 100, 102, 104, 107, 108, 110, 111, 112, 113, 114, 115, 117, 118, 119, 120, 121, 122, 124, 125, 131, 132, 137, 139, 140, 141, 143, 145, 146, 147, 150, 151, 152, 154, 155, 158, 159, 162, 163, 164, 165, 169, 177, 178, 179, 181, 183, 187, 189, 194, 197, 199]
total traces:200
true labels:84
[1, 6, 9, 13, 14, 16, 18, 19, 21, 22, 24, 25, 26, 27, 28, 31, 32, 33, 34, 35, 36, 38, 42, 43, 44, 46, 48, 50, 51, 54, 55, 56, 57, 58, 59, 61, 63, 64, 66, 67, 68, 70, 71, 75, 76, 81, 82, 84, 89, 90, 92, 94, 96, 97, 98, 100, 101, 102, 104, 106, 107, 108, 110, 111, 112, 113, 114, 115, 117, 118, 119, 120, 121, 122, 124, 125, 130, 131, 132, 135, 137, 139, 140, 141, 143, 145, 146, 147, 150, 151, 152, 154, 155, 158, 159, 162, 163, 164, 165, 168, 169, 173, 177, 178, 179, 181, 183, 187, 189, 191, 193, 194, 196, 197, 198, 199]
[0, 1, 2, 3, 4, 5, 6, 7, 8, 9, 10, 11, 12, 13, 14, 15, 16, 17, 18, 19, 20, 21, 22, 23, 24, 25, 26, 27, 28, 29, 30, 31, 32, 33, 34, 35, 36, 37, 38, 39, 40, 41, 42, 43, 44, 45, 46, 47, 48, 49, 50, 51, 52, 53, 54, 55, 56, 57, 58, 59, 60, 61, 62, 63, 64, 65, 66, 67, 68, 69, 70, 71, 72, 73, 74, 75, 76, 77, 78, 79, 80, 81, 82, 83, 84, 85, 86, 87, 88, 89, 90, 91, 92, 93, 94, 95, 96, 97, 98, 99, 100, 101, 102, 103, 104, 105, 106, 107, 108, 109, 110, 111, 112, 113, 114, 115, 116, 117, 118, 119, 120, 121, 122, 123, 124, 125, 126, 127, 128, 129, 130, 131, 132, 133, 134, 135, 136, 137, 138, 139, 140, 141, 142, 143, 144, 145, 146, 147, 148, 149, 150, 151, 152, 153, 154, 155, 156, 157, 158, 159, 160, 161, 162, 163, 164, 165, 166, 167, 168, 169, 170, 171, 172, 173, 174, 175, 176, 177, 178, 179, 180, 181, 182, 183, 184, 185, 186, 187, 188, 189, 190, 191, 192, 193, 194, 195, 196, 197, 198, 199]
false1_positive : 0 / 0
false2_positive : 0 / 0
false1_negative : 108 / 200
false2_negative : 84 / 200
line no 1007 rank #15 sus : 0.500000
~~~~~~~~~~~
line no 1007 rank #17 sus : 0.500000
~~~~~~~~~~~
line no 1007 rank #22 sus : 0.000000
~~~~~~~~~~~
line no 1007 rank #24 sus : 0.000000
~~~~~~~~~~~
[1007, 200]
[[200, 1213], [200, 1193], [200, 1138], [200, 1135], [200, 1066], [200, 1054], [200, 1052], [200, 1034], [200, 1015], [200, 1007], [200, 984], [200, 982], [200, 950], [200, 801], [200, 762], [200, 726], [200, 707], [200, 618], [200, 596], [200, 592], [200, 575], [200, 570], [200, 558], [200, 556], [200, 555], [200, 550], [200, 489], [200, 469], [200, 427], [200, 411], [200, 263], [199, 1210], [198, 252], [185, 638], [183, 648], [168, 728], [56, 432], [56, 430], [39, 1144], [22, 512], [4, 1183], [2, 517], [0, 1244], [0, 1240], [0, 1233], [0, 1204], [0, 1164], [0, 1130], [0, 1125], [0, 1032], [0, 1004], [0, 977], [0, 967], [0, 965], [0, 960], [0, 900], [0, 716], [0, 612], [0, 562], [0, 540], [0, 534], [0, 530], [0, 434], [0, 419], [0, 413], [0, 366], [0, 347], [0, 328], [0, 325], [0, 306], [0, 288], [0, 283], [0, 282]]
-----------------------------------------
bug id : 5
bug file : libraries/AC_AttitudeControl/AC_PosControl.cpp
total traces:200
true labels:116
[1, 3, 5, 6, 9, 10, 11, 14, 15, 16, 18, 19, 21, 23, 24, 27, 29, 30, 31, 32, 34, 36, 38, 39, 44, 45, 47, 54, 55, 57, 61, 63, 66, 67, 68, 69, 70, 71, 72, 73, 76, 77, 79, 80, 82, 83, 93, 101, 102, 105, 108, 112, 116, 119, 120, 121, 124, 128, 132, 135, 136, 146, 148, 149, 150, 154, 156, 157, 163, 165, 167, 169, 170, 172, 175, 177, 178, 182, 183, 185, 190, 197, 198, 199]
total traces:200
true labels:96
[0, 1, 3, 5, 6, 8, 9, 10, 11, 14, 15, 16, 18, 19, 21, 23, 24, 25, 27, 29, 30, 31, 32, 34, 36, 38, 39, 44, 45, 47, 53, 54, 55, 57, 58, 59, 61, 63, 66, 67, 68, 69, 70, 71, 72, 73, 76, 77, 79, 80, 82, 83, 86, 91, 93, 101, 102, 105, 106, 107, 108, 112, 114, 116, 119, 120, 121, 122, 124, 125, 128, 132, 135, 136, 143, 146, 148, 149, 150, 154, 156, 157, 162, 163, 165, 167, 169, 170, 172, 174, 175, 177, 178, 179, 182, 183, 185, 186, 187, 189, 190, 197, 198, 199]
[0, 1, 2, 3, 4, 6, 7, 8, 9, 10, 12, 13, 15, 16, 17, 19, 20, 21, 22, 23, 24, 25, 26, 27, 28, 29, 30, 31, 32, 33, 34, 35, 36, 37, 38, 39, 40, 41, 42, 43, 44, 45, 46, 47, 48, 49, 50, 51, 52, 53, 54, 55, 56, 57, 58, 59, 60, 61, 62, 63, 64, 65, 66, 67, 68, 70, 71, 72, 73, 74, 75, 76, 77, 78, 79, 80, 81, 82, 83, 84, 86, 87, 88, 89, 90, 91, 92, 93, 94, 95, 96, 97, 98, 99, 100, 102, 103, 104, 105, 106, 107, 108, 109, 110, 111, 112, 113, 114, 115, 116, 117, 118, 119, 120, 121, 122, 123, 124, 125, 126, 127, 128, 129, 130, 131, 132, 133, 134, 135, 137, 138, 139, 140, 141, 142, 143, 144, 145, 146, 147, 148, 149, 150, 151, 152, 153, 154, 155, 157, 158, 160, 161, 163, 164, 165, 166, 167, 168, 170, 172, 173, 174, 175, 177, 178, 179, 180, 181, 182, 183, 184, 185, 186, 187, 188, 189, 191, 192, 193, 195, 196, 197, 198, 199]
false1_positive : 10 / 16
false2_positive : 11 / 16
false1_negative : 110 / 184
false2_negative : 91 / 184
line no 638 rank #39 sus : 0.481598
~~~~~~~~~~~
line no 638 rank #39 sus : 0.485428
~~~~~~~~~~~
line no 638 rank #70 sus : -0.015001
~~~~~~~~~~~
line no 638 rank #69 sus : -0.009774
~~~~~~~~~~~
[638, 184]
[[200, 1138], [200, 1066], [200, 1054], [200, 1052], [200, 1034], [200, 1007], [200, 984], [200, 982], [200, 950], [200, 801], [200, 762], [200, 707], [200, 618], [200, 596], [200, 592], [200, 575], [200, 570], [200, 558], [200, 556], [200, 555], [200, 550], [200, 489], [200, 469], [200, 427], [200, 411], [200, 263], [199, 1135], [199, 252], [184, 1204], [184, 1125], [184, 716], [184, 648], [184, 638], [127, 432], [127, 430], [41, 1144], [16, 1213], [16, 1210], [16, 726], [15, 512], [13, 1193], [9, 517], [3, 1183], [0, 1244], [0, 1240], [0, 1233], [0, 1164], [0, 1130], [0, 1032], [0, 1015], [0, 1004], [0, 977], [0, 967], [0, 965], [0, 960], [0, 900], [0, 728], [0, 612], [0, 562], [0, 540], [0, 534], [0, 530], [0, 434], [0, 419], [0, 413], [0, 366], [0, 347], [0, 328], [0, 325], [0, 306], [0, 288], [0, 283], [0, 282]]
-----------------------------------------
bug id : 6
bug file : libraries/AC_AttitudeControl/AC_PosControl.cpp
total traces:200
true labels:123
[3, 4, 6, 7, 10, 11, 12, 13, 16, 27, 34, 36, 37, 38, 44, 46, 49, 50, 51, 52, 54, 56, 60, 62, 63, 64, 65, 66, 68, 69, 71, 72, 74, 75, 76, 77, 79, 85, 87, 93, 94, 95, 96, 99, 100, 102, 103, 104, 106, 109, 110, 111, 112, 116, 117, 124, 126, 130, 133, 136, 141, 142, 146, 147, 149, 150, 152, 159, 160, 165, 166, 168, 175, 177, 179, 182, 195]
total traces:200
true labels:99
[0, 3, 4, 6, 7, 8, 9, 10, 11, 12, 13, 14, 16, 19, 20, 24, 27, 28, 34, 35, 36, 37, 38, 39, 41, 44, 46, 49, 50, 51, 52, 54, 56, 60, 62, 63, 64, 65, 66, 67, 68, 69, 71, 72, 74, 75, 76, 77, 79, 85, 87, 93, 94, 95, 96, 97, 98, 99, 100, 102, 103, 104, 105, 106, 109, 110, 111, 112, 116, 117, 118, 120, 121, 124, 126, 130, 133, 136, 141, 142, 146, 147, 149, 150, 152, 154, 155, 157, 159, 160, 163, 165, 166, 168, 171, 175, 177, 179, 182, 189, 195]
[]
false1_positive : 77 / 200
false2_positive : 101 / 200
false1_negative : 0 / 0
false2_negative : 0 / 0
line no 534 rank #60 sus : 0.000000
line no 530 rank #61 sus : 0.000000
~~~~~~~~~~~
line no 534 rank #60 sus : 0.000000
line no 530 rank #61 sus : 0.000000
~~~~~~~~~~~
line no 534 rank #50 sus : -0.000000
line no 530 rank #51 sus : -0.000000
~~~~~~~~~~~
line no 534 rank #50 sus : -0.000000
line no 530 rank #51 sus : -0.000000
~~~~~~~~~~~
[530, 0]
[534, 0]
[[200, 1213], [200, 1138], [200, 1135], [200, 1066], [200, 1054], [200, 1052], [200, 1034], [200, 1007], [200, 984], [200, 982], [200, 950], [200, 801], [200, 762], [200, 726], [200, 707], [200, 618], [200, 596], [200, 592], [200, 575], [200, 570], [200, 558], [200, 556], [200, 555], [200, 550], [200, 489], [200, 469], [200, 427], [200, 411], [200, 263], [199, 252], [194, 1210], [186, 638], [183, 648], [136, 432], [136, 430], [40, 1144], [38, 1193], [30, 1015], [17, 512], [3, 517], [1, 1183], [0, 1244], [0, 1240], [0, 1233], [0, 1204], [0, 1164], [0, 1130], [0, 1125], [0, 1032], [0, 1004], [0, 977], [0, 967], [0, 965], [0, 960], [0, 900], [0, 728], [0, 716], [0, 612], [0, 562], [0, 540], [0, 534], [0, 530], [0, 434], [0, 419], [0, 413], [0, 366], [0, 347], [0, 328], [0, 325], [0, 306], [0, 288], [0, 283], [0, 282]]
-----------------------------------------
bug id : 7
bug file : libraries/AC_AttitudeControl/AC_PosControl.cpp
total traces:200
true labels:115
[1, 3, 4, 7, 8, 9, 10, 12, 14, 15, 16, 18, 19, 20, 21, 23, 24, 25, 27, 31, 35, 38, 39, 40, 41, 45, 47, 50, 51, 52, 54, 55, 57, 65, 67, 68, 69, 71, 72, 74, 75, 76, 78, 79, 87, 88, 89, 95, 103, 104, 110, 112, 113, 115, 118, 120, 121, 122, 132, 133, 136, 137, 138, 140, 143, 144, 147, 153, 157, 158, 159, 161, 163, 164, 169, 177, 181, 184, 188, 189, 190, 191, 195, 197, 198]
total traces:200
true labels:91
[1, 2, 3, 4, 7, 8, 9, 10, 12, 14, 15, 16, 18, 19, 20, 21, 23, 24, 25, 26, 27, 29, 31, 35, 38, 39, 40, 41, 42, 43, 45, 47, 50, 51, 52, 54, 55, 57, 58, 62, 64, 65, 66, 67, 68, 69, 71, 72, 74, 75, 76, 78, 79, 87, 88, 89, 95, 97, 101, 103, 104, 105, 110, 112, 113, 115, 118, 120, 121, 122, 128, 129, 132, 133, 134, 136, 137, 138, 140, 142, 143, 144, 145, 146, 147, 153, 155, 157, 158, 159, 161, 163, 164, 166, 167, 169, 177, 181, 183, 184, 185, 188, 189, 190, 191, 194, 195, 197, 198]
[3, 4, 5, 11, 14, 18, 22, 24, 26, 29, 31, 45, 51, 52, 55, 58, 66, 68, 71, 73, 75, 77, 78, 82, 84, 87, 89, 94, 99, 107, 115, 121, 122, 128, 137, 138, 140, 141, 144, 147, 150, 151, 159, 170, 176, 177, 181, 183, 185, 188, 190]
false1_positive : 56 / 149
false2_positive : 73 / 149
false1_negative : 22 / 51
false2_negative : 15 / 51
line no 1193 rank #2 sus : 0.640730
~~~~~~~~~~~
line no 1193 rank #2 sus : 0.667074
~~~~~~~~~~~
line no 1193 rank #0 sus : 0.028894
~~~~~~~~~~~
line no 1193 rank #0 sus : 0.035727
~~~~~~~~~~~
[1193, 51]
[[200, 1213], [200, 1138], [200, 1135], [200, 1066], [200, 1054], [200, 1052], [200, 1034], [200, 1007], [200, 984], [200, 982], [200, 950], [200, 801], [200, 762], [200, 726], [200, 707], [200, 618], [200, 596], [200, 592], [200, 575], [200, 570], [200, 558], [200, 556], [200, 555], [200, 550], [200, 489], [200, 469], [200, 427], [200, 411], [200, 263], [200, 252], [193, 1210], [193, 638], [185, 648], [118, 432], [118, 430], [51, 1193], [38, 1015], [34, 1144], [14, 512], [7, 517], [6, 1183], [0, 1244], [0, 1240], [0, 1233], [0, 1204], [0, 1164], [0, 1130], [0, 1125], [0, 1032], [0, 1004], [0, 977], [0, 967], [0, 965], [0, 960], [0, 900], [0, 728], [0, 716], [0, 612], [0, 562], [0, 540], [0, 534], [0, 530], [0, 434], [0, 419], [0, 413], [0, 366], [0, 347], [0, 328], [0, 325], [0, 306], [0, 288], [0, 283], [0, 282]]
-----------------------------------------
bug id : 8
bug file : libraries/AC_AttitudeControl/AC_PosControl.cpp
total traces:200
true labels:193
[2, 5, 12, 58, 84, 116, 192]
total traces:200
true labels:191
[2, 5, 12, 18, 58, 84, 116, 143, 192]
[0, 1, 3, 4, 6, 7, 8, 9, 10, 11, 13, 14, 15, 16, 17, 19, 20, 21, 22, 23, 24, 25, 26, 27, 28, 29, 31, 32, 33, 34, 35, 36, 37, 38, 39, 40, 41, 42, 43, 44, 45, 46, 47, 48, 49, 50, 51, 52, 54, 55, 56, 57, 59, 60, 61, 62, 63, 64, 65, 66, 67, 68, 69, 70, 71, 72, 73, 74, 75, 76, 77, 78, 79, 80, 81, 82, 83, 84, 85, 86, 87, 88, 89, 90, 91, 92, 93, 94, 96, 98, 99, 100, 101, 102, 103, 104, 105, 106, 107, 108, 109, 110, 111, 112, 113, 114, 115, 117, 118, 119, 120, 121, 123, 124, 125, 127, 128, 129, 130, 131, 132, 133, 134, 135, 136, 137, 138, 139, 140, 141, 142, 144, 145, 146, 147, 148, 149, 150, 151, 152, 153, 154, 155, 156, 157, 158, 159, 160, 161, 162, 163, 164, 165, 166, 167, 168, 169, 170, 171, 172, 173, 174, 175, 176, 177, 178, 179, 180, 181, 182, 183, 184, 185, 186, 187, 188, 189, 190, 191, 192, 193, 194, 195, 196, 197, 198, 199]
false1_positive : 5 / 13
false2_positive : 7 / 13
false1_negative : 185 / 187
false2_negative : 185 / 187
line no 648 rank #34 sus : 0.229625
~~~~~~~~~~~
line no 648 rank #37 sus : 0.186615
~~~~~~~~~~~
line no 648 rank #71 sus : -0.251587
~~~~~~~~~~~
line no 648 rank #72 sus : -0.393906
~~~~~~~~~~~
[648, 187]
[[200, 1213], [200, 1135], [200, 1066], [200, 1054], [200, 1052], [200, 1034], [200, 1007], [200, 984], [200, 982], [200, 950], [200, 801], [200, 762], [200, 726], [200, 707], [200, 618], [200, 596], [200, 592], [200, 575], [200, 570], [200, 558], [200, 556], [200, 555], [200, 550], [200, 489], [200, 469], [200, 427], [200, 411], [200, 263], [198, 252], [190, 1144], [187, 648], [186, 638], [167, 1138], [13, 1210], [10, 432], [10, 430], [3, 1183], [1, 1193], [1, 517], [0, 1244], [0, 1240], [0, 1233], [0, 1204], [0, 1164], [0, 1130], [0, 1125], [0, 1032], [0, 1015], [0, 1004], [0, 977], [0, 967], [0, 965], [0, 960], [0, 900], [0, 728], [0, 716], [0, 612], [0, 562], [0, 540], [0, 534], [0, 530], [0, 512], [0, 434], [0, 419], [0, 413], [0, 366], [0, 347], [0, 328], [0, 325], [0, 306], [0, 288], [0, 283], [0, 282]]
-----------------------------------------
bug id : 9
bug file : libraries/AC_WPNav/AC_WPNav.cpp
total traces:200
true labels:127
[1, 4, 5, 9, 12, 14, 19, 21, 22, 25, 27, 28, 35, 37, 38, 45, 46, 49, 50, 53, 54, 57, 58, 62, 65, 67, 68, 69, 70, 71, 72, 74, 76, 78, 82, 83, 88, 89, 90, 92, 94, 97, 98, 99, 101, 119, 124, 127, 132, 138, 150, 151, 152, 156, 161, 163, 166, 167, 170, 177, 178, 179, 182, 186, 187, 189, 190, 191, 192, 193, 195, 197, 199]
total traces:200
true labels:103
[0, 1, 3, 4, 5, 9, 12, 14, 17, 18, 19, 20, 21, 22, 25, 27, 28, 35, 37, 38, 39, 45, 46, 49, 50, 53, 54, 57, 58, 59, 62, 65, 67, 68, 69, 70, 71, 72, 74, 76, 78, 82, 83, 84, 85, 86, 88, 89, 90, 92, 94, 97, 98, 99, 101, 106, 109, 111, 113, 114, 118, 119, 124, 127, 132, 133, 138, 139, 145, 149, 150, 151, 152, 153, 156, 161, 163, 165, 166, 167, 170, 175, 177, 178, 179, 182, 186, 187, 189, 190, 191, 192, 193, 195, 196, 197, 199]
[0, 1, 2, 3, 4, 5, 6, 7, 8, 9, 10, 11, 12, 13, 14, 15, 16, 17, 18, 19, 20, 21, 22, 23, 24, 25, 26, 27, 28, 29, 30, 31, 32, 33, 34, 35, 36, 37, 38, 39, 40, 41, 42, 43, 44, 45, 46, 47, 48, 49, 50, 51, 52, 53, 54, 55, 56, 57, 58, 59, 60, 61, 62, 63, 64, 65, 66, 67, 68, 69, 70, 71, 72, 73, 74, 75, 76, 77, 78, 79, 80, 81, 82, 83, 84, 85, 86, 87, 88, 89, 90, 91, 92, 93, 94, 95, 96, 97, 98, 99, 100, 101, 102, 103, 104, 105, 106, 107, 108, 109, 110, 111, 112, 113, 114, 115, 116, 117, 118, 119, 120, 121, 122, 123, 124, 125, 126, 127, 128, 129, 130, 131, 132, 133, 134, 135, 136, 137, 138, 139, 140, 141, 142, 143, 144, 145, 146, 147, 148, 149, 150, 151, 152, 153, 154, 155, 156, 157, 158, 159, 160, 161, 162, 163, 164, 165, 166, 167, 168, 169, 170, 171, 172, 173, 174, 175, 176, 177, 178, 179, 180, 181, 182, 183, 184, 185, 186, 187, 188, 189, 190, 191, 192, 193, 194, 195, 196, 197, 198, 199]
false1_positive : 0 / 0
false2_positive : 0 / 0
false1_negative : 127 / 200
false2_negative : 103 / 200
line no 544 rank #6 sus : 0.500000
~~~~~~~~~~~
line no 544 rank #6 sus : 0.500000
~~~~~~~~~~~
line no 544 rank #49 sus : 0.000000
~~~~~~~~~~~
line no 544 rank #49 sus : -0.000000
~~~~~~~~~~~
[544, 200]
[[200, 1003], [200, 978], [200, 574], [200, 556], [200, 544], [200, 538], [200, 535], [200, 503], [200, 456], [200, 452], [200, 436], [200, 423], [200, 409], [200, 404], [200, 392], [200, 385], [200, 383], [200, 281], [200, 241], [200, 236], [200, 195], [200, 193], [195, 572], [195, 459], [182, 413], [149, 552], [135, 1026], [135, 398], [135, 394], [114, 1024], [114, 444], [114, 441], [114, 437], [114, 363], [113, 1016], [109, 380], [28, 548], [0, 981], [0, 973], [0, 971], [0, 966], [0, 952], [0, 942], [0, 941], [0, 913], [0, 901], [0, 898], [0, 895], [0, 893], [0, 892], [0, 876], [0, 874], [0, 869], [0, 862], [0, 856], [0, 854], [0, 837], [0, 824], [0, 815], [0, 789], [0, 783], [0, 773], [0, 751], [0, 750], [0, 735], [0, 729], [0, 697], [0, 695], [0, 689], [0, 683], [0, 681], [0, 676], [0, 665], [0, 643], [0, 641], [0, 634], [0, 632], [0, 613], [0, 606], [0, 601], [0, 521], [0, 497], [0, 453], [0, 439], [0, 425], [0, 416], [0, 375], [0, 328], [0, 251], [0, 250], [0, 204], [0, 202], [0, 178], [0, 168], [0, 137], [0, 109]]
-----------------------------------------
bug id : 10
bug file : libraries/AC_WPNav/AC_WPNav.cpp
total traces:200
true labels:127
[1, 4, 14, 15, 23, 26, 28, 29, 30, 31, 33, 38, 41, 42, 43, 44, 46, 49, 50, 52, 53, 54, 55, 56, 57, 58, 59, 61, 62, 67, 76, 77, 80, 81, 83, 85, 87, 88, 95, 99, 100, 101, 103, 107, 116, 122, 126, 127, 133, 138, 141, 142, 144, 148, 155, 161, 162, 165, 167, 168, 172, 174, 178, 184, 186, 187, 188, 189, 190, 191, 192, 195, 196]
total traces:200
true labels:106
[0, 1, 3, 4, 6, 14, 15, 23, 26, 28, 29, 30, 31, 33, 35, 38, 41, 42, 43, 44, 46, 49, 50, 52, 53, 54, 55, 56, 57, 58, 59, 60, 61, 62, 65, 67, 70, 76, 77, 80, 81, 83, 85, 86, 87, 88, 93, 95, 96, 99, 100, 101, 103, 104, 107, 110, 116, 120, 122, 125, 126, 127, 133, 137, 138, 141, 142, 144, 148, 149, 153, 155, 157, 160, 161, 162, 165, 167, 168, 171, 172, 174, 178, 184, 186, 187, 188, 189, 190, 191, 192, 195, 196, 198]
[0, 1, 2, 3, 4, 5, 6, 7, 8, 9, 10, 11, 12, 13, 14, 15, 16, 17, 18, 19, 20, 21, 22, 23, 24, 25, 26, 27, 28, 29, 30, 31, 32, 33, 34, 35, 36, 37, 38, 39, 40, 41, 42, 43, 44, 45, 46, 47, 48, 49, 50, 51, 52, 53, 54, 55, 56, 57, 58, 59, 60, 61, 62, 63, 64, 65, 66, 67, 68, 69, 70, 71, 72, 73, 74, 75, 76, 77, 78, 79, 80, 81, 82, 83, 84, 85, 86, 87, 88, 89, 90, 91, 92, 93, 94, 95, 96, 97, 98, 99, 100, 101, 102, 103, 104, 105, 106, 107, 108, 109, 110, 111, 112, 113, 114, 115, 116, 117, 118, 119, 120, 121, 122, 123, 124, 125, 126, 127, 128, 129, 130, 131, 132, 133, 134, 135, 136, 137, 138, 139, 140, 141, 142, 143, 144, 145, 146, 147, 148, 149, 150, 151, 152, 153, 154, 155, 156, 157, 158, 159, 160, 161, 162, 163, 164, 165, 166, 167, 168, 169, 170, 171, 172, 173, 174, 175, 176, 177, 178, 179, 180, 181, 182, 183, 184, 185, 186, 187, 188, 189, 190, 191, 192, 193, 194, 195, 196, 197, 198, 199]
false1_positive : 0 / 0
false2_positive : 0 / 0
false1_negative : 127 / 200
false2_negative : 106 / 200
line no 236 rank #21 sus : 0.500000
~~~~~~~~~~~
line no 236 rank #19 sus : 0.500000
~~~~~~~~~~~
line no 236 rank #76 sus : 0.000000
~~~~~~~~~~~
line no 236 rank #74 sus : 0.000000
~~~~~~~~~~~
[236, 200]
[[200, 978], [200, 574], [200, 556], [200, 538], [200, 535], [200, 503], [200, 456], [200, 452], [200, 436], [200, 423], [200, 409], [200, 404], [200, 392], [200, 385], [200, 383], [200, 281], [200, 241], [200, 236], [200, 195], [200, 193], [197, 572], [197, 459], [174, 413], [151, 552], [143, 1026], [143, 398], [143, 394], [126, 363], [119, 1024], [119, 1016], [119, 444], [119, 441], [119, 437], [112, 380], [38, 548], [0, 1003], [0, 981], [0, 973], [0, 971], [0, 966], [0, 952], [0, 942], [0, 941], [0, 913], [0, 901], [0, 898], [0, 895], [0, 893], [0, 892], [0, 876], [0, 874], [0, 869], [0, 862], [0, 856], [0, 854], [0, 837], [0, 824], [0, 815], [0, 789], [0, 783], [0, 773], [0, 751], [0, 750], [0, 735], [0, 729], [0, 697], [0, 695], [0, 689], [0, 683], [0, 681], [0, 676], [0, 665], [0, 643], [0, 641], [0, 634], [0, 632], [0, 613], [0, 606], [0, 601], [0, 544], [0, 521], [0, 497], [0, 453], [0, 439], [0, 425], [0, 416], [0, 375], [0, 328], [0, 251], [0, 250], [0, 204], [0, 202], [0, 178], [0, 168], [0, 137], [0, 109]]
-----------------------------------------
bug id : 11
bug file : libraries/AC_WPNav/AC_WPNav.cpp
total traces:200
true labels:116
[2, 6, 8, 10, 11, 16, 18, 19, 20, 24, 25, 27, 28, 29, 30, 32, 38, 39, 42, 44, 45, 46, 47, 48, 55, 57, 58, 59, 61, 62, 63, 64, 65, 66, 69, 70, 72, 73, 79, 82, 87, 94, 95, 97, 99, 104, 106, 107, 112, 117, 119, 120, 121, 123, 125, 127, 130, 132, 134, 135, 142, 143, 144, 147, 148, 149, 151, 152, 155, 157, 158, 163, 164, 165, 166, 167, 176, 181, 182, 185, 190, 191, 196, 198]
total traces:200
true labels:96
[2, 6, 7, 8, 10, 11, 13, 15, 16, 18, 19, 20, 21, 24, 25, 27, 28, 29, 30, 32, 35, 38, 39, 42, 44, 45, 46, 47, 48, 52, 55, 57, 58, 59, 61, 62, 63, 64, 65, 66, 69, 70, 71, 72, 73, 76, 79, 82, 83, 87, 93, 94, 95, 97, 98, 99, 104, 105, 106, 107, 112, 114, 116, 117, 118, 119, 120, 121, 123, 125, 127, 130, 132, 134, 135, 136, 142, 143, 144, 147, 148, 149, 151, 152, 155, 157, 158, 159, 161, 163, 164, 165, 166, 167, 170, 176, 179, 181, 182, 185, 190, 191, 196, 198]
[0, 1, 2, 3, 4, 5, 6, 7, 8, 9, 10, 11, 12, 13, 14, 15, 16, 17, 18, 19, 20, 21, 22, 23, 24, 25, 26, 27, 28, 29, 30, 31, 32, 33, 34, 35, 36, 37, 38, 39, 40, 41, 42, 43, 44, 45, 46, 47, 48, 49, 50, 51, 52, 53, 54, 55, 56, 57, 58, 59, 60, 61, 62, 63, 64, 65, 66, 67, 68, 69, 70, 71, 72, 73, 74, 75, 76, 77, 78, 79, 80, 81, 82, 83, 84, 85, 86, 87, 88, 89, 90, 91, 92, 93, 94, 95, 96, 97, 98, 99, 100, 101, 102, 103, 104, 105, 106, 107, 108, 109, 110, 111, 112, 113, 114, 115, 116, 117, 118, 119, 120, 121, 122, 123, 124, 125, 126, 127, 128, 129, 130, 131, 132, 133, 134, 135, 136, 137, 138, 139, 140, 141, 142, 143, 144, 145, 146, 147, 148, 149, 150, 151, 152, 153, 154, 155, 156, 157, 158, 159, 160, 161, 162, 163, 164, 165, 166, 167, 168, 169, 170, 171, 172, 173, 174, 175, 176, 177, 178, 179, 180, 181, 182, 183, 184, 185, 186, 187, 188, 189, 190, 191, 192, 193, 194, 195, 196, 197, 198, 199]
false1_positive : 0 / 0
false2_positive : 0 / 0
false1_negative : 116 / 200
false2_negative : 96 / 200
line no 1003 rank #3 sus : 0.500000
~~~~~~~~~~~
line no 1003 rank #4 sus : 0.500000
~~~~~~~~~~~
line no 1003 rank #3 sus : 0.000000
~~~~~~~~~~~
line no 1003 rank #4 sus : 0.000000
~~~~~~~~~~~
[1003, 200]
[[200, 1003], [200, 978], [200, 574], [200, 556], [200, 544], [200, 538], [200, 535], [200, 503], [200, 456], [200, 452], [200, 436], [200, 423], [200, 409], [200, 404], [200, 392], [200, 385], [200, 383], [200, 281], [200, 241], [200, 236], [200, 195], [200, 193], [198, 572], [198, 459], [177, 413], [169, 552], [149, 1026], [149, 398], [149, 394], [133, 1024], [133, 444], [133, 441], [133, 437], [127, 1016], [112, 380], [109, 363], [30, 548], [0, 981], [0, 973], [0, 971], [0, 966], [0, 952], [0, 942], [0, 941], [0, 913], [0, 901], [0, 898], [0, 895], [0, 893], [0, 892], [0, 876], [0, 874], [0, 869], [0, 862], [0, 856], [0, 854], [0, 837], [0, 824], [0, 815], [0, 789], [0, 783], [0, 773], [0, 751], [0, 750], [0, 735], [0, 729], [0, 697], [0, 695], [0, 689], [0, 683], [0, 681], [0, 676], [0, 665], [0, 643], [0, 641], [0, 634], [0, 632], [0, 613], [0, 606], [0, 601], [0, 521], [0, 497], [0, 453], [0, 439], [0, 425], [0, 416], [0, 375], [0, 328], [0, 251], [0, 250], [0, 204], [0, 202], [0, 178], [0, 168], [0, 137], [0, 109]]
-----------------------------------------
bug id : 12
bug file : libraries/AC_WPNav/AC_WPNav.cpp
total traces:200
true labels:111
[2, 3, 9, 13, 14, 16, 18, 19, 20, 21, 24, 27, 30, 31, 32, 34, 35, 37, 40, 41, 43, 48, 49, 51, 53, 54, 56, 59, 60, 61, 62, 66, 67, 69, 70, 71, 72, 82, 83, 84, 85, 90, 91, 94, 95, 98, 106, 107, 109, 110, 112, 114, 116, 120, 121, 124, 125, 126, 127, 129, 130, 131, 140, 141, 142, 145, 147, 148, 150, 151, 152, 153, 156, 159, 161, 169, 170, 171, 172, 176, 177, 178, 183, 188, 190, 192, 196, 197, 199]
total traces:200
true labels:96
[0, 2, 3, 7, 8, 9, 13, 14, 16, 18, 19, 20, 21, 24, 27, 30, 31, 32, 34, 35, 37, 40, 41, 43, 45, 47, 48, 49, 51, 53, 54, 56, 59, 60, 61, 62, 66, 67, 69, 70, 71, 72, 80, 82, 83, 84, 85, 87, 90, 91, 94, 95, 98, 106, 107, 109, 110, 112, 114, 116, 120, 121, 124, 125, 126, 127, 129, 130, 131, 134, 140, 141, 142, 143, 145, 147, 148, 150, 151, 152, 153, 156, 159, 161, 164, 167, 169, 170, 171, 172, 176, 177, 178, 180, 183, 186, 188, 190, 192, 194, 195, 196, 197, 199]
[0, 1, 2, 3, 6, 11, 12, 13, 15, 17, 18, 20, 22, 23, 24, 25, 26, 27, 28, 29, 31, 33, 34, 35, 36, 37, 38, 39, 41, 42, 44, 48, 50, 51, 52, 53, 55, 56, 57, 60, 61, 62, 63, 65, 66, 68, 70, 73, 75, 76, 77, 78, 79, 81, 82, 83, 84, 85, 86, 87, 88, 89, 91, 92, 93, 94, 95, 96, 97, 98, 99, 100, 101, 102, 103, 104, 106, 107, 108, 110, 113, 114, 118, 121, 122, 123, 125, 128, 129, 130, 131, 133, 135, 136, 137, 139, 140, 141, 144, 146, 147, 148, 150, 151, 153, 154, 155, 156, 160, 161, 163, 165, 166, 170, 172, 173, 174, 175, 177, 179, 181, 182, 184, 185, 186, 187, 189, 190, 191, 193, 194, 196, 198, 199]
false1_positive : 36 / 66
false2_positive : 47 / 66
false1_negative : 81 / 134
false2_negative : 77 / 134
line no 441 rank #29 sus : 0.449358
~~~~~~~~~~~
line no 441 rank #33 sus : 0.405935
~~~~~~~~~~~
line no 441 rank #89 sus : -0.020125
~~~~~~~~~~~
line no 441 rank #93 sus : -0.072836
~~~~~~~~~~~
[441, 134]
[[200, 1003], [200, 978], [200, 574], [200, 556], [200, 544], [200, 538], [200, 535], [200, 503], [200, 456], [200, 452], [200, 436], [200, 423], [200, 409], [200, 404], [200, 392], [200, 385], [200, 383], [200, 281], [200, 241], [200, 236], [200, 195], [200, 193], [199, 572], [199, 459], [173, 413], [158, 552], [157, 1026], [157, 398], [157, 394], [134, 1024], [134, 444], [134, 441], [134, 437], [130, 1016], [112, 380], [106, 363], [37, 548], [0, 981], [0, 973], [0, 971], [0, 966], [0, 952], [0, 942], [0, 941], [0, 913], [0, 901], [0, 898], [0, 895], [0, 893], [0, 892], [0, 876], [0, 874], [0, 869], [0, 862], [0, 856], [0, 854], [0, 837], [0, 824], [0, 815], [0, 789], [0, 783], [0, 773], [0, 751], [0, 750], [0, 735], [0, 729], [0, 697], [0, 695], [0, 689], [0, 683], [0, 681], [0, 676], [0, 665], [0, 643], [0, 641], [0, 634], [0, 632], [0, 613], [0, 606], [0, 601], [0, 521], [0, 497], [0, 453], [0, 439], [0, 425], [0, 416], [0, 375], [0, 328], [0, 251], [0, 250], [0, 204], [0, 202], [0, 178], [0, 168], [0, 137], [0, 109]]
-----------------------------------------
bug id : 13
bug file : libraries/AC_WPNav/AC_WPNav.cpp
total traces:200
true labels:123
[0, 7, 15, 21, 24, 27, 30, 31, 33, 34, 37, 38, 40, 43, 47, 48, 49, 51, 52, 53, 54, 55, 56, 57, 59, 61, 62, 63, 64, 65, 66, 67, 70, 77, 80, 82, 84, 86, 87, 88, 89, 91, 93, 95, 98, 102, 105, 107, 119, 120, 122, 123, 125, 126, 129, 133, 135, 136, 140, 142, 144, 147, 149, 150, 153, 158, 161, 166, 170, 171, 181, 184, 186, 187, 190, 194, 196]
total traces:200
true labels:104
[0, 1, 4, 7, 9, 15, 21, 23, 24, 25, 27, 30, 31, 33, 34, 37, 38, 40, 43, 47, 48, 49, 51, 52, 53, 54, 55, 56, 57, 59, 61, 62, 63, 64, 65, 66, 67, 70, 71, 77, 80, 82, 84, 86, 87, 88, 89, 91, 92, 93, 95, 98, 99, 102, 105, 107, 109, 113, 119, 120, 122, 123, 124, 125, 126, 129, 133, 135, 136, 140, 142, 144, 147, 148, 149, 150, 151, 153, 158, 161, 166, 169, 170, 171, 173, 179, 181, 184, 185, 186, 187, 190, 191, 192, 194, 196]
[0, 1, 2, 3, 4, 7, 8, 9, 10, 11, 12, 13, 14, 15, 16, 18, 19, 21, 22, 25, 29, 30, 31, 32, 34, 35, 37, 39, 40, 41, 42, 45, 46, 47, 50, 51, 53, 55, 57, 58, 59, 60, 61, 62, 63, 64, 65, 66, 67, 68, 70, 72, 73, 74, 75, 78, 80, 81, 82, 83, 84, 86, 87, 88, 89, 91, 92, 93, 94, 95, 96, 97, 98, 99, 100, 101, 102, 104, 105, 106, 107, 108, 110, 111, 112, 113, 116, 117, 118, 119, 120, 122, 124, 126, 127, 128, 129, 130, 131, 133, 135, 136, 138, 139, 140, 141, 142, 143, 144, 145, 146, 147, 148, 149, 150, 152, 153, 154, 155, 156, 157, 158, 159, 160, 161, 162, 163, 164, 165, 166, 167, 168, 170, 172, 173, 174, 175, 176, 177, 178, 179, 180, 181, 182, 183, 185, 186, 187, 188, 190, 191, 193, 195, 196, 197, 198]
false1_positive : 16 / 44
false2_positive : 22 / 44
false1_negative : 95 / 156
false2_negative : 82 / 156
line no 552 rank #3 sus : 0.506344
~~~~~~~~~~~
line no 552 rank #26 sus : 0.494347
~~~~~~~~~~~
line no 552 rank #5 sus : 0.000544
~~~~~~~~~~~
line no 552 rank #84 sus : -0.000452
~~~~~~~~~~~
[552, 156]
[[200, 1003], [200, 978], [200, 574], [200, 556], [200, 544], [200, 538], [200, 535], [200, 503], [200, 456], [200, 452], [200, 436], [200, 423], [200, 409], [200, 404], [200, 392], [200, 385], [200, 383], [200, 281], [200, 241], [200, 236], [200, 195], [200, 193], [199, 572], [199, 459], [168, 413], [156, 552], [143, 1026], [143, 398], [143, 394], [126, 1024], [126, 444], [126, 441], [126, 437], [121, 1016], [116, 363], [112, 380], [41, 548], [0, 981], [0, 973], [0, 971], [0, 966], [0, 952], [0, 942], [0, 941], [0, 913], [0, 901], [0, 898], [0, 895], [0, 893], [0, 892], [0, 876], [0, 874], [0, 869], [0, 862], [0, 856], [0, 854], [0, 837], [0, 824], [0, 815], [0, 789], [0, 783], [0, 773], [0, 751], [0, 750], [0, 735], [0, 729], [0, 697], [0, 695], [0, 689], [0, 683], [0, 681], [0, 676], [0, 665], [0, 643], [0, 641], [0, 634], [0, 632], [0, 613], [0, 606], [0, 601], [0, 521], [0, 497], [0, 453], [0, 439], [0, 425], [0, 416], [0, 375], [0, 328], [0, 251], [0, 250], [0, 204], [0, 202], [0, 178], [0, 168], [0, 137], [0, 109]]
-----------------------------------------
bug id : 14
bug file : libraries/AC_WPNav/AC_WPNav.cpp
total traces:200
true labels:113
[0, 2, 3, 5, 6, 9, 10, 14, 17, 18, 20, 21, 28, 31, 33, 34, 36, 40, 41, 45, 47, 48, 49, 52, 54, 55, 58, 60, 61, 62, 63, 64, 65, 67, 68, 69, 70, 73, 74, 75, 76, 85, 86, 87, 89, 90, 91, 92, 93, 94, 95, 100, 102, 103, 112, 114, 115, 120, 122, 126, 128, 131, 134, 141, 145, 147, 149, 151, 153, 155, 156, 161, 162, 169, 170, 172, 176, 179, 181, 182, 186, 191, 192, 193, 196, 197, 198]
total traces:200
true labels:85
[0, 2, 3, 5, 6, 9, 10, 11, 14, 17, 18, 20, 21, 22, 23, 24, 25, 28, 31, 33, 34, 36, 40, 41, 43, 44, 45, 47, 48, 49, 52, 54, 55, 57, 58, 59, 60, 61, 62, 63, 64, 65, 67, 68, 69, 70, 71, 72, 73, 74, 75, 76, 85, 86, 87, 89, 90, 91, 92, 93, 94, 95, 98, 100, 102, 103, 104, 106, 108, 111, 112, 113, 114, 115, 116, 120, 121, 122, 126, 128, 131, 134, 139, 140, 141, 145, 147, 149, 151, 153, 155, 156, 157, 161, 162, 165, 167, 169, 170, 172, 176, 179, 181, 182, 185, 186, 188, 189, 190, 191, 192, 193, 196, 197, 198]
[0, 1, 7, 8, 9, 10, 14, 15, 16, 17, 18, 19, 20, 23, 24, 25, 26, 27, 29, 30, 31, 32, 34, 35, 39, 41, 42, 44, 45, 46, 47, 48, 49, 50, 51, 52, 53, 57, 58, 60, 61, 63, 64, 65, 66, 67, 68, 69, 70, 72, 74, 77, 78, 79, 80, 82, 83, 84, 86, 87, 90, 91, 92, 93, 94, 95, 96, 97, 99, 101, 103, 105, 106, 107, 112, 114, 118, 119, 120, 122, 123, 124, 125, 126, 127, 128, 129, 131, 132, 136, 137, 139, 141, 142, 143, 144, 145, 146, 148, 150, 151, 152, 153, 154, 155, 156, 158, 159, 161, 162, 163, 164, 167, 168, 170, 171, 172, 173, 174, 175, 176, 177, 179, 180, 182, 183, 184, 185, 186, 187, 188, 190, 191, 192, 193, 194, 195, 196, 197, 199]
false1_positive : 26 / 60
false2_positive : 42 / 60
false1_negative : 79 / 140
false2_negative : 67 / 140
line no 398 rank #2 sus : 0.500726
~~~~~~~~~~~
line no 398 rank #28 sus : 0.446082
~~~~~~~~~~~
line no 398 rank #2 sus : 0.000005
~~~~~~~~~~~
line no 398 rank #89 sus : -0.027402
~~~~~~~~~~~
[398, 140]
[[200, 1003], [200, 978], [200, 574], [200, 556], [200, 544], [200, 538], [200, 535], [200, 503], [200, 456], [200, 452], [200, 436], [200, 423], [200, 409], [200, 404], [200, 392], [200, 385], [200, 383], [200, 281], [200, 241], [200, 236], [200, 195], [200, 193], [198, 572], [198, 459], [184, 413], [155, 552], [140, 1026], [140, 398], [140, 394], [132, 1024], [132, 444], [132, 441], [132, 437], [131, 1016], [117, 363], [116, 380], [29, 548], [0, 981], [0, 973], [0, 971], [0, 966], [0, 952], [0, 942], [0, 941], [0, 913], [0, 901], [0, 898], [0, 895], [0, 893], [0, 892], [0, 876], [0, 874], [0, 869], [0, 862], [0, 856], [0, 854], [0, 837], [0, 824], [0, 815], [0, 789], [0, 783], [0, 773], [0, 751], [0, 750], [0, 735], [0, 729], [0, 697], [0, 695], [0, 689], [0, 683], [0, 681], [0, 676], [0, 665], [0, 643], [0, 641], [0, 634], [0, 632], [0, 613], [0, 606], [0, 601], [0, 521], [0, 497], [0, 453], [0, 439], [0, 425], [0, 416], [0, 375], [0, 328], [0, 251], [0, 250], [0, 204], [0, 202], [0, 178], [0, 168], [0, 137], [0, 109]]
-----------------------------------------
bug id : 15
bug file : libraries/AC_WPNav/AC_WPNav.cpp
total traces:200
true labels:112
[1, 2, 3, 4, 6, 7, 9, 10, 11, 12, 14, 16, 17, 18, 20, 23, 25, 26, 27, 29, 30, 34, 35, 37, 40, 43, 44, 45, 46, 47, 48, 50, 51, 52, 53, 55, 59, 62, 68, 70, 71, 75, 76, 81, 82, 83, 85, 90, 91, 92, 93, 94, 102, 103, 107, 108, 109, 114, 115, 117, 119, 122, 124, 126, 137, 140, 141, 144, 147, 149, 157, 160, 161, 163, 168, 170, 171, 172, 176, 180, 184, 186, 190, 191, 192, 193, 196, 197]
total traces:200
true labels:89
[1, 2, 3, 4, 5, 6, 7, 9, 10, 11, 12, 14, 16, 17, 18, 20, 23, 25, 26, 27, 29, 30, 34, 35, 37, 38, 40, 43, 44, 45, 46, 47, 48, 49, 50, 51, 52, 53, 55, 59, 62, 64, 67, 68, 70, 71, 75, 76, 80, 81, 82, 83, 85, 88, 90, 91, 92, 93, 94, 102, 103, 104, 105, 106, 107, 108, 109, 113, 114, 115, 117, 119, 120, 122, 124, 125, 126, 128, 131, 133, 135, 137, 139, 140, 141, 142, 144, 147, 149, 150, 153, 157, 160, 161, 163, 168, 169, 170, 171, 172, 176, 180, 184, 186, 190, 191, 192, 193, 195, 196, 197]
[0, 1, 2, 3, 4, 5, 6, 7, 8, 9, 10, 11, 12, 13, 14, 15, 16, 17, 18, 19, 20, 21, 22, 23, 24, 25, 26, 27, 28, 29, 30, 31, 34, 35, 37, 38, 40, 42, 43, 44, 45, 46, 47, 48, 50, 51, 52, 53, 54, 55, 56, 57, 58, 59, 60, 64, 65, 66, 67, 68, 70, 71, 72, 73, 74, 75, 76, 77, 78, 80, 81, 82, 83, 84, 85, 86, 87, 88, 89, 90, 91, 92, 93, 94, 95, 97, 98, 99, 100, 101, 102, 103, 104, 105, 106, 108, 110, 111, 112, 113, 114, 115, 116, 117, 118, 119, 120, 121, 122, 123, 124, 125, 126, 127, 128, 129, 130, 131, 132, 133, 134, 135, 136, 137, 138, 140, 141, 142, 144, 145, 146, 147, 148, 149, 150, 151, 152, 153, 155, 156, 157, 159, 160, 161, 162, 163, 164, 165, 166, 167, 168, 170, 171, 172, 173, 174, 175, 176, 177, 178, 179, 180, 181, 182, 183, 184, 185, 186, 187, 188, 189, 190, 191, 192, 193, 194, 195, 196, 197]
false1_positive : 3 / 21
false2_positive : 6 / 21
false1_negative : 94 / 179
false2_negative : 74 / 179
line no 413 rank #1 sus : 0.535072
~~~~~~~~~~~
line no 413 rank #1 sus : 0.532206
~~~~~~~~~~~
line no 413 rank #1 sus : 0.042039
~~~~~~~~~~~
line no 413 rank #1 sus : 0.034446
~~~~~~~~~~~
[413, 179]
[[200, 1003], [200, 978], [200, 574], [200, 556], [200, 544], [200, 538], [200, 535], [200, 503], [200, 456], [200, 452], [200, 436], [200, 423], [200, 409], [200, 404], [200, 392], [200, 385], [200, 383], [200, 281], [200, 241], [200, 236], [200, 195], [200, 193], [197, 572], [197, 459], [179, 413], [159, 552], [141, 1026], [141, 398], [141, 394], [127, 1024], [127, 444], [127, 441], [127, 437], [122, 1016], [111, 380], [111, 363], [28, 548], [0, 981], [0, 973], [0, 971], [0, 966], [0, 952], [0, 942], [0, 941], [0, 913], [0, 901], [0, 898], [0, 895], [0, 893], [0, 892], [0, 876], [0, 874], [0, 869], [0, 862], [0, 856], [0, 854], [0, 837], [0, 824], [0, 815], [0, 789], [0, 783], [0, 773], [0, 751], [0, 750], [0, 735], [0, 729], [0, 697], [0, 695], [0, 689], [0, 683], [0, 681], [0, 676], [0, 665], [0, 643], [0, 641], [0, 634], [0, 632], [0, 613], [0, 606], [0, 601], [0, 521], [0, 497], [0, 453], [0, 439], [0, 425], [0, 416], [0, 375], [0, 328], [0, 251], [0, 250], [0, 204], [0, 202], [0, 178], [0, 168], [0, 137], [0, 109]]
-----------------------------------------
bug id : 16
bug file : libraries/AC_WPNav/AC_WPNav.cpp
total traces:200
true labels:121
[5, 6, 10, 13, 19, 20, 24, 25, 28, 29, 30, 34, 36, 39, 41, 50, 51, 52, 56, 59, 61, 63, 67, 68, 69, 72, 74, 76, 81, 84, 88, 90, 91, 93, 94, 98, 101, 106, 107, 110, 111, 112, 114, 118, 119, 122, 124, 127, 128, 129, 130, 131, 143, 144, 147, 149, 150, 153, 156, 159, 166, 168, 169, 170, 173, 174, 176, 178, 179, 180, 181, 184, 185, 191, 193, 195, 196, 197, 199]
total traces:200
true labels:102
[5, 6, 10, 13, 14, 16, 19, 20, 24, 25, 27, 28, 29, 30, 34, 36, 37, 39, 40, 41, 42, 50, 51, 52, 53, 56, 59, 60, 61, 63, 67, 68, 69, 72, 74, 75, 76, 81, 83, 84, 88, 90, 91, 92, 93, 94, 95, 98, 101, 106, 107, 110, 111, 112, 113, 114, 118, 119, 121, 122, 124, 126, 127, 128, 129, 130, 131, 140, 143, 144, 147, 149, 150, 153, 156, 157, 159, 166, 168, 169, 170, 173, 174, 176, 178, 179, 180, 181, 183, 184, 185, 190, 191, 193, 195, 196, 197, 199]
[0, 1, 2, 7, 8, 9, 11, 12, 13, 14, 16, 19, 20, 25, 26, 29, 30, 33, 34, 35, 36, 37, 38, 41, 43, 45, 49, 50, 51, 52, 53, 55, 57, 58, 59, 62, 64, 65, 66, 67, 69, 70, 74, 75, 77, 79, 80, 81, 82, 84, 85, 86, 87, 88, 94, 96, 99, 100, 102, 103, 104, 107, 108, 110, 111, 113, 114, 117, 122, 123, 125, 127, 128, 130, 133, 134, 135, 138, 140, 142, 143, 144, 145, 146, 149, 150, 152, 154, 155, 156, 157, 158, 159, 160, 161, 162, 163, 164, 165, 169, 170, 172, 173, 181, 183, 184, 185, 186, 187, 191, 192, 193, 194, 198, 199]
false1_positive : 36 / 85
false2_positive : 46 / 85
false1_negative : 72 / 115
false2_negative : 63 / 115
line no 380 rank #33 sus : 0.477734
~~~~~~~~~~~
line no 380 rank #32 sus : 0.462101
~~~~~~~~~~~
line no 380 rank #92 sus : -0.002517
~~~~~~~~~~~
line no 380 rank #91 sus : -0.007746
~~~~~~~~~~~
[380, 115]
[[200, 1003], [200, 978], [200, 574], [200, 572], [200, 556], [200, 544], [200, 538], [200, 535], [200, 503], [200, 459], [200, 456], [200, 452], [200, 436], [200, 423], [200, 409], [200, 404], [200, 392], [200, 385], [200, 383], [200, 281], [200, 241], [200, 236], [200, 195], [200, 193], [171, 413], [160, 552], [146, 1026], [146, 398], [146, 394], [127, 1024], [127, 444], [127, 441], [127, 437], [121, 1016], [115, 380], [110, 363], [29, 548], [0, 981], [0, 973], [0, 971], [0, 966], [0, 952], [0, 942], [0, 941], [0, 913], [0, 901], [0, 898], [0, 895], [0, 893], [0, 892], [0, 876], [0, 874], [0, 869], [0, 862], [0, 856], [0, 854], [0, 837], [0, 824], [0, 815], [0, 789], [0, 783], [0, 773], [0, 751], [0, 750], [0, 735], [0, 729], [0, 697], [0, 695], [0, 689], [0, 683], [0, 681], [0, 676], [0, 665], [0, 643], [0, 641], [0, 634], [0, 632], [0, 613], [0, 606], [0, 601], [0, 521], [0, 497], [0, 453], [0, 439], [0, 425], [0, 416], [0, 375], [0, 328], [0, 251], [0, 250], [0, 204], [0, 202], [0, 178], [0, 168], [0, 137], [0, 109]]
-----------------------------------------
bug id : 17
bug file : libraries/AC_WPNav/AC_WPNav.cpp
total traces:200
true labels:116
[1, 3, 4, 18, 20, 21, 33, 35, 38, 40, 44, 45, 48, 51, 52, 54, 58, 59, 60, 62, 64, 65, 69, 73, 74, 75, 76, 77, 78, 79, 82, 83, 89, 90, 93, 94, 96, 98, 102, 103, 105, 107, 110, 112, 113, 122, 123, 125, 126, 129, 130, 134, 135, 137, 138, 139, 143, 145, 146, 148, 152, 154, 155, 156, 157, 158, 160, 161, 163, 168, 169, 171, 172, 174, 177, 178, 179, 182, 184, 187, 193, 195, 196, 199]
total traces:200
true labels:94
[1, 3, 4, 10, 13, 18, 19, 20, 21, 22, 31, 33, 35, 38, 40, 44, 45, 48, 49, 50, 51, 52, 53, 54, 58, 59, 60, 62, 64, 65, 66, 69, 70, 72, 73, 74, 75, 76, 77, 78, 79, 82, 83, 89, 90, 93, 94, 96, 98, 101, 102, 103, 105, 106, 107, 110, 112, 113, 122, 123, 125, 126, 127, 129, 130, 131, 134, 135, 137, 138, 139, 140, 143, 145, 146, 147, 148, 152, 154, 155, 156, 157, 158, 159, 160, 161, 162, 163, 166, 168, 169, 171, 172, 174, 177, 178, 179, 181, 182, 184, 187, 189, 193, 195, 196, 199]
[0, 1, 2, 3, 4, 5, 6, 7, 8, 9, 10, 11, 12, 13, 14, 15, 16, 17, 18, 19, 20, 21, 22, 23, 24, 25, 26, 27, 28, 29, 30, 31, 32, 33, 34, 35, 36, 37, 38, 39, 40, 41, 42, 43, 44, 45, 46, 47, 48, 49, 50, 51, 52, 53, 54, 55, 56, 57, 58, 59, 60, 61, 62, 63, 64, 65, 66, 67, 68, 69, 70, 71, 72, 73, 74, 75, 76, 77, 78, 79, 80, 81, 82, 83, 84, 85, 86, 87, 88, 89, 90, 91, 92, 93, 94, 95, 96, 97, 98, 99, 100, 101, 102, 103, 104, 105, 106, 107, 108, 109, 110, 111, 112, 113, 114, 115, 116, 117, 118, 119, 120, 121, 122, 123, 124, 125, 126, 127, 128, 129, 130, 131, 132, 133, 134, 135, 136, 137, 138, 139, 140, 141, 142, 143, 144, 145, 146, 147, 148, 149, 150, 151, 152, 153, 154, 155, 156, 157, 158, 159, 160, 161, 162, 163, 164, 165, 166, 167, 168, 169, 170, 171, 172, 173, 174, 175, 176, 177, 178, 179, 180, 181, 182, 183, 184, 185, 186, 187, 188, 189, 190, 191, 192, 193, 194, 195, 196, 197, 198, 199]
false1_positive : 0 / 0
false2_positive : 0 / 0
false1_negative : 116 / 200
false2_negative : 94 / 200
line no 544 rank #6 sus : 0.500000
~~~~~~~~~~~
line no 544 rank #6 sus : 0.500000
~~~~~~~~~~~
line no 544 rank #49 sus : 0.000000
~~~~~~~~~~~
line no 544 rank #49 sus : 0.000000
~~~~~~~~~~~
[544, 200]
[[200, 1003], [200, 978], [200, 574], [200, 556], [200, 544], [200, 538], [200, 535], [200, 503], [200, 456], [200, 452], [200, 436], [200, 423], [200, 409], [200, 404], [200, 392], [200, 385], [200, 383], [200, 281], [200, 241], [200, 236], [200, 195], [200, 193], [197, 572], [197, 459], [180, 413], [152, 552], [138, 1026], [138, 398], [138, 394], [126, 363], [115, 380], [112, 1024], [112, 444], [112, 441], [112, 437], [108, 1016], [35, 548], [0, 981], [0, 973], [0, 971], [0, 966], [0, 952], [0, 942], [0, 941], [0, 913], [0, 901], [0, 898], [0, 895], [0, 893], [0, 892], [0, 876], [0, 874], [0, 869], [0, 862], [0, 856], [0, 854], [0, 837], [0, 824], [0, 815], [0, 789], [0, 783], [0, 773], [0, 751], [0, 750], [0, 735], [0, 729], [0, 697], [0, 695], [0, 689], [0, 683], [0, 681], [0, 676], [0, 665], [0, 643], [0, 641], [0, 634], [0, 632], [0, 613], [0, 606], [0, 601], [0, 521], [0, 497], [0, 453], [0, 439], [0, 425], [0, 416], [0, 375], [0, 328], [0, 251], [0, 250], [0, 204], [0, 202], [0, 178], [0, 168], [0, 137], [0, 109]]
-----------------------------------------
